-163 185 -77
-163 185 -73
-162 185 -77
-162 185 -67
-163 185 -67
-162 185 -73
-162 185 -63
-163 185 -63
-145 186 -82
-155 173 -75
-148 185 -56
-132 187 -100
-129 185 -91
-135 194 -85
-130 169 -73
-137 175 -67
-133 187 -73
-135 194 -79
-134 194 -75
-132 156 -60
-141 165 -55
-142 174 -59
-143 174 -58
-141 174 -58
-130 163 -64
-134 186 -57
-134 194 -57
-133 201 -52
-130 193 -50
-129 201 -49
-140 177 -45
-135 187 -39
-129 180 -39
-134 194 -42
-132 201 -42
-139 194 -34
-138 201 -34
-136 201 -34
-134 201 -34
-129 208 -42
-136 187 -22
-140 194 -26
-140 201 -27
-132 201 -27
-135 194 -20
-129 194 -28
-136 201 -28
-132 208 -28
-139 185 -3
-135 194 -15
-135 186 5
-129 190 19
-116 174 -172
-116 174 -130
-114 19 -90
-115 24 -91
-127 208 -82
-116 27 -84
-114 19 -70
-128 175 -69
-125 167 -75
-118 186 -80
-116 27 -76
-120 170 -51
-125 166 -60
-115 166 -56
-115 175 -52
-128 208 -61
-128 181 -51
-115 175 -48
-115 175 -44
-119 186 -34
-126 178 -33
-125 208 -42
-127 208 -42
-119 185 0
-117 185 13
-107 190 -163
-108 175 -151
-108 198 -151
-103 206 -159
-100 220 -146
-100 220 -156
-107 190 -139
-103 206 -143
-105 14 -89
-98 14 -85
-101 25 -94
-107 174 -83
-98 187 -85
-110 22 -85
-98 14 -75
-111 14 -80
-102 23 -68
-98 23 -80
-106 187 -72
-106 189 -72
-110 22 -75
-112 149 -61
-109 166 -50
-109 186 -59
-99 164 -48
-102 186 -42
-112 181 -36
-112 186 -13
-105 186 -13
-106 20 3
-100 27 6
-106 20 7
-95 175 -164
-83 190 -163
-95 198 -164
-82 175 -151
-95 174 -151
-87 206 -159
-82 198 -151
-90 220 -156
-90 220 -146
-95 238 -151
-95 175 -138
-83 190 -139
-95 198 -138
-87 206 -143
-92 14 -82
-92 14 -78
-90 23 -80
-93 188 -57
-82 198 77
-89 183 88
-86 178 88
-96 192 88
-96 192 94
-85 203 85
-88 192 96
-74 174 -172
-74 174 -130
-67 9 -29
-67 32 -30
-70 1 -26
-71 1 -26
-68 89 -6
-68 94 -6
-67 94 -2
-72 89 4
-68 89 14
-78 183 77
-78 192 77
-74 198 77
-67 183 88
-70 178 88
-78 178 88
-68 192 82
-78 192 88
-78 198 84
-78 204 95
-71 203 85
-79 214 89
-77 214 91
-78 183 99
-50 66 -121
-55 74 -113
-63 53 -115
-57 53 -114
-62 64 -107
-53 63 -112
-54 63 -58
-56 58 -60
-56 58 -41
-60 45 -22
-60 45 -27
-62 43 -24
-58 9 -30
-63 43 -24
-62 43 -25
-63 43 -25
-58 23 -19
-62 47 -24
-63 47 -25
-50 90 -3
-49 86 2
-49 86 5
-57 88 2
-57 88 5
-50 90 9
-58 23 22
-50 38 47
-51 33 46
-52 28 45
-49 41 60
-49 41 61
-49 43 48
-50 36 60
-50 36 61
-51 31 60
-51 31 61
-52 26 60
-52 26 61
-50 38 74
-51 33 75
-49 43 73
-52 28 76
-61 192 86
-61 192 96
-46 53 -106
-37 60 -51
-37 60 -50
-43 58 -52
-37 58 -60
-46 70 -58
-40 63 -48
-37 58 -41
-45 66 -45
-37 36 47
-36 36 47
-37 31 46
-36 31 46
-37 26 45
-36 26 45
-39 66 58
-39 66 63
-34 66 58
-34 66 63
-40 80 57
-37 41 48
-36 41 48
-46 58 51
-47 53 50
-48 48 49
-46 58 60
-37 58 51
-36 58 51
-46 58 61
-46 57 60
-37 57 51
-46 57 61
-36 57 51
-37 53 50
-47 53 60
-36 53 50
-47 53 61
-48 47 60
-37 47 49
-48 47 61
-36 47 49
-43 73 67
-38 86 69
-35 86 69
-37 36 74
-47 53 71
-36 36 74
-37 31 75
-37 58 70
-36 57 70
-37 57 70
-36 31 75
-48 48 72
-36 58 70
-37 26 76
-37 53 71
-36 26 76
-36 53 71
-36 47 72
-37 47 72
-37 41 73
-36 41 73
-46 58 70
-20 23 -169
-20 23 -150
-21 33 -157
-31 12 -26
-30 12 -26
-26 12 -22
-26 12 -21
-31 12 -17
-30 12 -17
-23 38 47
-22 33 46
-21 28 45
-30 73 54
-23 36 60
-23 36 61
-26 53 50
-22 31 60
-27 58 60
-25 48 49
-27 58 61
-27 57 60
-22 31 61
-27 57 61
-24 43 48
-21 26 60
-26 53 60
-26 53 61
-21 26 61
-25 47 60
-25 47 61
-24 41 60
-24 41 61
-27 58 51
-27 58 70
-22 33 75
-24 43 73
-26 53 71
-21 28 76
-23 38 74
-25 48 72
-1 2 -162
-8 7 -162
-12 35 -163
-2 12 -160
-13 5 -157
-1 21 -159
-2 21 -160
-1 33 -160
-15 40 -159
-15 137 -69
-6 133 -60
-6 139 -60
-10 139 -64
-2 139 -56
-15 137 -51
-10 134 -60
-6 134 -64
-2 134 -60
-6 134 -56
-1 78 -8
-2 78 -8
-2 78 -9
-3 78 -8
-3 78 -9
-4 78 -8
-4 78 -9
-1 78 -9
-13 11 2
-4 190 153
-7 200 158
-7 171 174
-7 171 170
-7 171 185
-7 171 188
-3 181 187
-4 190 176
-7 170 200
-7 184 200
-7 200 193
2 21 -172
4 12 -159
7 2 -157
2 21 -147
4 25 -155
13 11 -142
3 137 -69
13 12 -56
14 12 -61
8 7 -61
12 16 -59
3 137 -51
11 233 -51
11 233 -50
12 233 -51
12 233 -50
15 43 -42
11 233 -32
11 233 -31
12 233 -32
12 233 -31
2 4 23
11 123 34
11 123 38
8 14 58
3 76 87
12 190 159
14 180 146
11 180 146
7 170 160
14 178 161
10 178 161
5 181 172
9 170 189
5 181 190
7 190 182
12 195 177
13 195 176
9 190 203
7 197 201
24 8 -168
22 4 -170
30 17 -166
20 17 -169
28 9 -150
22 4 -149
31 17 -149
21 17 -153
19 16 -160
19 16 -159
20 16 -160
20 16 -159
21 16 -160
21 16 -159
16 35 -160
16 48 -159
17 70 -158
18 86 -158
17 11 -142
21 11 -142
25 11 -142
29 11 -142
16 59 -87
16 65 -87
24 61 -83
20 55 -84
24 62 -84
24 59 -87
24 61 -84
24 62 -83
24 65 -87
20 61 -87
16 65 -80
24 59 -80
20 61 -80
24 65 -80
16 59 -80
23 7 -60
19 17 -59
31 233 -51
31 233 -50
22 43 -35
17 58 -40
17 58 -37
17 59 -40
17 59 -37
18 58 -37
18 59 -40
18 59 -37
19 58 -40
19 59 -40
19 59 -37
20 58 -40
20 58 -37
20 59 -40
20 59 -37
19 58 -37
18 58 -40
17 246 -45
17 246 -36
26 246 -45
26 246 -36
27 249 -35
16 249 -46
27 249 -46
16 249 -35
31 233 -32
31 233 -31
31 8 -24
27 9 -24
29 190 153
18 170 160
20 181 172
29 190 175
18 190 171
16 170 189
20 181 190
16 190 203
18 197 201
47 8 -168
44 19 -167
44 4 -156
35 35 -160
35 54 -160
46 9 -144
33 11 -142
32 233 -51
32 233 -50
32 233 -32
32 233 -31
34 73 23
41 76 22
45 79 21
33 80 20
45 79 34
41 76 33
34 73 32
33 80 35
40 3 59
38 3 59
32 171 159
32 171 155
32 200 158
32 171 189
32 171 184
32 182 184
32 182 189
32 170 200
32 184 200
32 200 193
53 3 -163
51 2 -167
60 8 -161
56 19 -172
49 2 -154
60 8 -158
62 2 -157
53 18 -147
56 116 -105
56 116 -84
61 49 -61
54 45 -61
54 45 -62
53 51 -61
52 49 -63
59 1 -46
64 26 -159
64 37 -159
64 44 -160
77 116 -105
69 113 -97
64 113 -97
77 116 -84
69 113 -92
64 113 -92
66 91 -95
66 44 -58
67 44 -58
70 49 -58
64 49 -52
67 44 -64
66 44 -64
69 52 -63
64 52 -60
67 44 -52
66 44 -52
71 49 -52
76 252 1
76 243 10
76 234 1
76 225 10
76 252 10
76 243 1
76 225 1
76 234 10
76 252 19
76 234 19
76 243 28
76 225 28
76 243 19
76 252 28
76 225 19
76 234 28
65 21 86
65 21 88
66 30 81
66 30 93
67 21 86
67 21 88
66 45 81
66 45 93
66 52 86
66 52 88
66 38 87
82 23 -172
82 23 -146
90 20 -110
90 20 -98
95 20 -104
95 17 -104
91 32 -104
83 109 -106
92 20 -102
83 109 -83
90 87 -34
86 3 -18
86 3 -19
85 3 -18
85 3 -19
85 26 -19
85 26 -18
86 26 -19
86 26 -18
94 97 -21
95 105 -21
90 87 -7
85 252 10
85 243 1
94 252 1
94 225 10
94 243 1
94 252 10
85 234 1
94 234 1
85 225 1
85 252 1
94 225 1
85 225 10
85 243 28
85 225 19
94 243 28
85 233 28
85 252 19
94 225 19
85 225 28
94 233 28
85 252 28
94 252 19
94 225 28
94 252 28
94 34 46
94 34 69
84 122 74
84 119 85
84 112 93
84 113 108
84 114 99
84 120 113
102 25 -169
98 23 -159
98 23 -160
102 25 -150
98 20 -100
103 21 -104
97 32 -104
103 32 -104
102 20 -109
100 28 -56
105 106 -21
104 114 -22
105 127 -30
108 127 -21
106 114 -20
107 88 -23
105 127 -12
103 225 10
103 243 1
103 252 10
103 234 10
103 225 1
103 252 1
103 243 10
103 234 1
103 243 28
103 234 19
103 225 28
103 243 19
103 252 28
103 225 19
103 234 28
103 252 19
106 121 32
106 122 32
99 37 51
108 37 58
109 37 50
106 37 52
108 36 66
99 37 64
106 36 64
107 36 67
116 97 -21
115 105 -21
121 88 -9
121 34 46
124 127 37
124 127 36
113 134 40
113 134 33
120 134 33
120 134 40
119 123 39
124 119 36
124 119 37
119 130 34
119 130 39
119 131 34
119 131 39
119 123 34
116 37 51
116 37 64
121 34 69
141 22 -131
141 65 -44
142 61 -15
144 27 -147
155 9 -137
156 8 -131
147 36 -134
147 62 -35
158 57 -44
158 62 -36
145 58 -36
157 58 -23
158 62 -20
148 58 -24
153 62 -29
152 66 -31
159 57 -15
154 25 9
154 43 9
154 46 9
154 61 9
159 66 15
152 14 7
154 17 9
152 3 7
154 25 20
154 43 20
154 46 20
154 61 20
152 14 22
152 3 22
154 17 20
165 35 -148
171 43 -148
164 63 -141
164 75 -139
173 36 -140
162 26 -137
171 46 -129
162 27 -137
163 27 -137
166 39 -137
171 45 -138
163 26 -137
164 39 -127
172 36 -121
165 39 -117
165 51 -87
164 79 -88
174 31 -78
174 31 -71
172 36 -80
172 36 -69
165 51 -62
164 79 -61
165 25 9
165 43 9
165 46 9
165 61 9
167 14 7
167 3 7
165 17 9
165 25 20
165 43 20
165 46 20
165 61 20
165 17 20
167 3 22
167 14 22
173 59 51
174 43 52
172 157 152
173 185 153
181 36 -148
183 39 -136
190 51 -87
191 79 -88
176 19 -74
177 19 -76
178 19 -73
179 19 -75
181 31 -78
181 31 -71
183 36 -69
183 36 -80
190 51 -62
191 79 -61
191 58 62
191 101 58
183 62 61
180 101 58
186 107 64
176 41 74
180 101 69
189 58 69
185 93 64
191 101 69
182 59 67
177 130 147
177 185 157
187 200 148
176 130 170
191 141 171
188 152 187
202 156 -112
195 38 53
193 77 63
198 59 76
193 38 74
199 130 142
198 162 137
203 190 137
193 130 165
200 195 167
222 145 -169
208 132 -160
212 141 -136
216 138 -138
213 146 -141
209 168 -137
211 132 -121
212 146 -122
212 156 -124
218 167 -127
209 183 -120
223 143 -104
218 162 152
216 130 164
218 152 172
209 130 185
230 176 -168
225 138 -150
229 186 -155
231 150 -132
228 169 -133
230 172 -126
238 189 -123
245 151 -170
240 170 -172
248 190 -167
254 142 -152
246 168 -153
250 178 -137
245 162 -127
248 161 -108
248 189 -111
259 158 -166
262 144 -138
258 160 -126
257 177 -128
260 176 -112
